Sisterhood
Chapter 1::5,1,21;
Chapter 2::9,20,21;
Chapter 3::10,26,18;
Chapter 4::11,8,17,21;
Chapter 5::1,0,15,11,21;
Chapter 0::18,41,42,21;
Chapter 6::14,43,0,29,28,21;
Chapter 7::6,17,15,14,15,14,41,21;
Chapter 8::8,14;
Chapter 9::29,44,21;
Chapter 10::10,18,11,17,13,4,13,21;
Chapter 11::11,36,17,28;
Chapter 12::1,0,38,7,21;
Chapter 13::15,26,0,2;
Chapter 14::4,27,2,13,42,40,21;
Chapter 15::13,18,38,40,11,0;
Chapter 16::27,35,40,26,41,21;
Chapter 17::7,14,39,38,44,17,35;
Chapter 17 alt::0,12,18,44,21;
Chapter 18::13,31,8,21;
Chapter 19::6,19,16,10,9,25,40,21;
Chapter 20::9,0,19,10,25,14,43,21;
Chapter 21::13,11,-32,17,28,14,15,21;
Chapter 22::1,0,26;
Chapter 23::36;
Chapter 24::14,8,0,8,17,0,17,19,8,21;
Chapter 25::0,1,17,1,9;
Chapter 26::26,4,25,11,21;
Chapter 27::1,5;
Chapter 28::14;
Chapter 29::18,14,43,29,21;
Chapter 30::25,5,19,2,42,40,21;
Chapter 31::6,10,4,-3,4,21;
Chapter 32::13,39,14,4,19,39,38,41;
Chapter 33::26,13,39;
Chapter 34::14,0,1,39,41,4,27,28,9,21;
Chapter 35::1,0,6,5,43,15,40;
Chapter 36::36,5,19,39,40,41,36,21;
Chapter 37::6,9,17,11,28,21;
Chapter 38::11,7,8,13,44,13,17,21;
Chapter 39::5,15,0,4,39,14,39,28,21;
Chapter 40::11,13,38,21;
Chapter 41::1,29,6,15,9,14,17,41,21;
Chapter 42::6,18,11,26,14,13,0,19,2;
Chapter 43::11,4,13,39,42,40,21;
Chapter 44::29,0,42,14,39,21;
Chapter 45::9,18,39,41,21;
Chapter 46::14,5,28,21;
Chapter 47::11,26,4,40,17,39,42,13,14,38,28,21;
Chapter 48::0,2,1,0,42,38,21;
Chapter 49::10,14,21;
Chapter 50::11,27,4,9,12,9,44,42;
Chapter 51::39,13,38,1,4,21;
Chapter 52::39,2,39,14,-34,4,42,40,1,38,26,21;
Chapter alpha::5,17,4,41,38,21;
Chapter 53::9,18,25,17,21;
Chapter 54::8,14,26,40,28,41,21;
Chapter 55::5,0,13,0,40,43,0,29,28,21;
Chapter 56::1,18,26,40,35,21;
Chapter 57::6,9,11,15,14,26,8,13,21;
Chapter 58::9,19,42,39,41,11,40,39;
Chapter 59::4,13,4,41,19,2,44,19,40,38,40,28,21;
Chapter 60::25,26,13,27,40,21;
Final Chapter::11,15,11,0,16,17,41,1,18,35,44,40,23;
Credits::-22,23;